1 -0.07366244 -0.66147786 0.23483495 -0.14792341 0.36574894 -0.73973095 0.14514206 0.43586364
9 -0.3956043 -0.30779892 0.47047335 -0.23176739 0.0851715 -0.5640532 0.7508018 -0.24867445
2 -0.025220675 -0.75589275 0.0368032 -0.36119264 0.2660557 -0.76590794 0.12827331 0.3574591
3 -0.3832632 -0.37608656 0.54914176 -0.26883468 0.016091572 -0.58851624 0.8016324 -0.27886784
24 -0.2120589 -0.4054604 0.5518248 -0.051690422 0.17926382 -0.60927665 0.7279223 -0.1923738
34 -0.24413809 -0.50123894 0.3928239 0.065473534 0.32081494 -0.6425606 0.45618552 0.005279317
33 -0.19788708 -0.46225044 0.36646843 0.10747492 0.3381488 -0.66140264 0.48764697 0.10948317
26 0.030702574 -0.41180897 0.22776122 -0.03205949 0.3812728 -0.70097464 0.71957135 -0.1257262
32 -0.28199285 -0.4844556 0.36794034 -0.10395579 0.17142975 -0.5872886 0.6126132 -0.08374443
30 -0.22314942 -0.41860697 0.490927 0.17943104 0.1366944 -0.55841845 0.8368418 -0.18417437
7 0.12011855 -0.87560904 -0.06019861 -0.36376703 0.35037234 -0.78925264 0.07258872 0.54259086
25 -0.30094746 -0.42802128 0.30432048 -0.09558252 0.20025118 -0.6581379 0.41477698 0.0032269754
14 -0.0625845 -0.71149355 0.16315636 -0.2965424 0.30204055 -0.6641089 0.19448686 0.19920394
31 -0.2528408 -0.45805958 0.47849998 -0.1201911 0.1027866 -0.6359611 0.48251775 -0.044961944
6 0.013939294 -0.848073 0.05078482 -0.19464971 0.37833324 -0.74022686 0.012494183 0.54080963
28 -0.07947561 -0.53688157 0.30448094 -0.030544916 0.3657953 -0.64812094 0.4311841 0.08501912
20 -0.1623495 -0.5869748 0.29882163 -0.20537409 0.19710912 -0.68403167 0.37912503 0.12931733
19 -0.3928235 -0.412808 0.70249796 -0.084481396 0.033328574 -0.5414562 0.6143945 -0.15316132
5 -0.120782815 -0.8285466 0.057247497 -0.21689299 0.37502074 -0.7259429 -0.013948121 0.35712597
15 -0.3313643 -0.5076848 0.51551247 -0.20575565 0.075965166 -0.4616637 0.60081613 -0.12958647
21 -0.3535749 -0.3719984 0.5663686 -0.22481614 0.004042393 -0.58156955 0.6746069 -0.23881292
22 -0.021506995 -0.7869897 0.05559706 -0.28273422 0.33311898 -0.79820216 -0.043952618 0.36152807
10 -0.10692747 -0.58532286 0.2627115 -0.22518386 0.28009957 -0.6215532 0.36350334 0.098975904
27 -0.3945652 -0.42230225 0.5640167 -0.028796002 0.17836148 -0.5638427 0.58400655 -0.013195746
18 -0.1003525 -0.62786543 0.14645791 -0.14007866 0.38626528 -0.78879124 0.1995671 0.32822618
8 -0.054847095 -0.75724083 0.13831955 -0.22174278 0.31921107 -0.7700662 0.19553368 0.3588751
16 -0.47006437 -0.288127 0.68369406 -0.112529054 -0.023623118 -0.53167355 0.7676467 -0.2504183
11 -0.10350006 -0.74642473 0.09984836 -0.1703018 0.3770588 -0.76797056 0.027389202 0.40570155
4 -0.14047785 -0.664553 0.123860195 -0.1622768 0.40247947 -0.7853611 -0.006146247 0.44536704
29 -0.1523983 -0.49441814 0.21857423 -0.13248283 0.29924902 -0.6827713 0.38545096 0.08507597
23 -0.41882455 -0.43850768 0.5553488 -0.14592342 0.035400677 -0.55842537 0.59550613 -0.08329488
13 0.04857333 -0.7048732 -0.0009625874 -0.29817274 0.3532519 -0.77544296 0.11639781 0.29668456
12 -0.15648334 -0.834523 0.106499165 -0.3247517 0.24606425 -0.72911304 0.010323763 0.2555998
17 -0.113354005 -0.56512326 0.19406924 -0.18174468 0.22408885 -0.72391 0.29623348 0.21228255
