1 0.10802501 -1.1731703
9 -0.9009968 -0.7986837
2 0.21514262 -1.2040017
3 -0.9749811 -0.8574182
24 -0.7676167 -0.9007123
34 -0.48318195 -0.95303607
33 -0.43539092 -0.96146774
26 -0.4021769 -0.982974
32 -0.62899935 -0.9066174
30 -0.7934581 -0.84766704
7 0.5569061 -1.3584554
25 -0.51189905 -0.87983924
14 0.03740073 -1.1105512
31 -0.58969 -0.90304
6 0.3915814 -1.262791
28 -0.2597885 -1.012469
20 -0.260464 -1.0486187
19 -0.9037808 -0.83055854
5 0.25333855 -1.1975542
15 -0.73195255 -0.8424125
21 -0.9310995 -0.8112551
22 0.3318914 -1.2194129
10 -0.19498928 -1.0195838
27 -0.73995733 -0.88633776
18 0.023332536 -1.1525074
8 0.10941035 -1.2281526
16 -1.1418134 -0.7373437
11 0.15686974 -1.1732415
4 0.117465325 -1.1358109
29 -0.25259262 -0.9833324
23 -0.84645575 -0.8485083
13 0.29066744 -1.1826204
12 0.09146897 -1.1589364
17 -0.13361205 -1.0403279
