2 2 
2 3 
2 4 
2 5 
2 6 
2 7 
2 8 
2 9 
2 11 
2 12 
2 13 
2 14 
2 18 
2 20 
2 22 
2 32 
1 1 
1 3 
1 4 
1 8 
1 14 
1 18 
1 20 
1 22 
1 31 
1 1 
1 2 
1 4 
1 8 
1 9 
1 10 
1 14 
1 28 
1 29 
1 33 
1 1 
1 2 
1 3 
1 8 
1 13 
1 14 
1 1 
1 7 
1 11 
1 1 
1 7 
1 11 
1 17 
1 1 
1 5 
1 6 
1 17 
1 1 
1 2 
1 3 
1 4 
1 1 
1 3 
1 31 
1 33 
1 34 
3 3 
3 34 
1 1 
1 5 
1 6 
1 1 
1 1 
1 4 
1 1 
1 2 
1 3 
1 4 
1 34 
33 33 
33 34 
33 33 
33 34 
6 6 
6 7 
1 1 
1 2 
33 33 
33 34 
1 1 
1 2 
1 34 
33 33 
33 34 
1 1 
1 2 
33 33 
33 34 
26 26 
26 28 
26 30 
26 33 
26 34 
26 26 
26 28 
26 32 
24 24 
24 25 
24 32 
30 30 
30 34 
3 3 
3 24 
3 25 
3 34 
3 3 
3 32 
3 34 
24 24 
24 27 
24 33 
24 34 
2 2 
2 9 
2 33 
2 34 
1 1 
1 25 
1 26 
1 29 
1 33 
1 34 
3 3 
3 9 
3 15 
3 16 
3 19 
3 21 
3 23 
3 24 
3 30 
3 31 
3 32 
3 34 
9 9 
9 10 
9 14 
9 15 
9 16 
9 19 
9 20 
9 21 
9 23 
9 24 
9 27 
9 28 
9 29 
9 30 
9 31 
9 32 
9 33 
