2 2 1
2 3 1
2 4 1
2 5 1
2 6 1
2 7 1
2 8 1
2 9 1
2 11 1
2 12 1
2 13 1
2 14 1
2 18 1
2 20 1
2 22 1
2 32 1
1 1 1
1 3 1
1 4 1
1 8 1
1 14 1
1 18 1
1 20 1
1 22 1
1 31 1
1 1 1
1 2 1
1 4 1
1 8 1
1 9 1
1 10 1
1 14 1
1 28 1
1 29 1
1 33 1
1 1 1
1 2 1
1 3 1
1 8 1
1 13 1
1 14 1
1 1 1
1 7 1
1 11 1
1 1 1
1 7 1
1 11 1
1 17 1
1 1 1
1 5 1
1 6 1
1 17 1
1 1 1
1 2 1
1 3 1
1 4 1
1 1 1
1 3 1
1 31 1
1 33 1
1 34 1
3 3 1
3 34 1
1 1 1
1 5 1
1 6 1
1 1 1
1 1 1
1 4 1
1 1 1
1 2 1
1 3 1
1 4 1
1 34 1
33 33 1
33 34 1
33 33 1
33 34 1
6 6 1
6 7 1
1 1 1
1 2 1
33 33 1
33 34 1
1 1 1
1 2 1
1 34 1
33 33 1
33 34 1
1 1 1
1 2 1
33 33 1
33 34 1
26 26 1
26 28 1
26 30 1
26 33 1
26 34 1
26 26 1
26 28 1
26 32 1
24 24 1
24 25 1
24 32 1
30 30 1
30 34 1
3 3 1
3 24 1
3 25 1
3 34 1
3 3 1
3 32 1
3 34 1
24 24 1
24 27 1
24 33 1
24 34 1
2 2 1
2 9 1
2 33 1
2 34 1
1 1 1
1 25 1
1 26 1
1 29 1
1 33 1
1 34 1
3 3 1
3 9 1
3 15 1
3 16 1
3 19 1
3 21 1
3 23 1
3 24 1
3 30 1
3 31 1
3 32 1
3 34 1
9 9 1
9 10 1
9 14 1
9 15 1
9 16 1
9 19 1
9 20 1
9 21 1
9 23 1
9 24 1
9 27 1
9 28 1
9 29 1
9 30 1
9 31 1
9 32 1
9 33 1
